Vessel: images/100-lion.png
	Size: 4489143 bytes
Target: images/25-colorful-smoke.png
	Size: 1380575 bytes
Percentage:	37.98835
Time:		93.84576 seconds
RMSE:		8.05856
